頂点座標
1 	1651	239
2	1406	239
3	1150	265
4	1069	194
5	972	220
6	844	277
7	737	355
8	709	476
9	974	341

10	842	400
11	593	631
12	455	896
13	346	1148
14	282	1392
15	275	1532
16	313	1646
17	372	1762
18	474	1893
19	550	1949
20	647	1928
21	792	1779
22	913	1646
23	1034	1527
24	1150	1442
25	1290	1394
26	1651	1373
27	2002	1380
28	2183	1424
29	2246	1471
30	2300	1543
31	2381	1676
32	2443	1790
33	2497	1873
34	2597	1937
35	2689	1940
36	2756	1949








100	992	1004
101	994	1108
102	892	1112

103	892	1234
104	992	1234
105	992	1316

106	1114	1316
107	1111	1234
108	1199	1234

109	1199	1108
110	1111	1108
111	1111	1004





円　	中心座標		半径距離
c0	928,722		838,770
c1	1046,1172	868
c2	1651,532		1552
c3	1336,708		1278
c4	
c5	
c6	
c7	
c8	
c9	
